21 21
KRACKAD20

DATA:
0 1 0 0 0 0 0 0 0 0 0 0 0 0 0 0 0 0 0 0 0
0 0 0 0 0 0 1 0 0 0 0 0 0 1 0 0 0 1 0 0 0
0 1 0 0 0 0 0 0 0 0 1 0 0 1 0 0 0 1 0 0 0
0 1 0 0 0 0 0 0 0 0 0 0 0 0 0 0 0 0 0 0 1
0 0 0 0 0 0 0 0 0 0 0 0 0 1 0 0 0 1 0 1 0
0 0 0 0 0 0 1 0 0 0 0 0 0 0 0 0 0 0 0 0 1
0 0 0 0 0 1 0 0 0 0 1 0 0 1 0 0 0 0 0 1 0
0 1 0 0 0 0 0 0 0 0 0 0 0 0 0 0 0 1 0 0 1
0 0 0 0 0 0 0 0 0 0 0 0 0 1 0 0 0 0 0 1 0
0 0 0 0 0 0 0 0 0 0 0 0 0 0 0 0 0 1 0 1 0
0 1 0 0 0 0 1 0 0 0 0 0 0 0 0 0 0 1 0 1 0
0 0 0 0 0 0 0 0 0 0 0 0 0 0 0 0 0 0 0 0 1
0 0 0 0 0 0 0 0 0 0 0 0 0 1 0 0 0 1 0 1 0
0 0 1 0 1 0 1 0 1 0 0 0 1 0 0 0 0 1 1 1 1
0 0 0 0 0 0 0 0 0 0 0 0 0 1 0 0 0 1 0 1 0
0 1 0 0 0 0 0 0 0 0 0 0 0 0 0 0 0 0 0 0 0
1 0 1 0 0 1 1 0 0 0 0 1 0 0 0 0 0 1 0 1 1
0 1 0 0 0 0 1 1 0 0 1 0 0 1 0 1 0 0 0 1 1
0 0 0 0 0 0 0 0 0 0 1 0 0 1 0 0 0 1 0 1 0
1 1 0 0 0 1 0 1 0 0 1 1 0 1 1 1 1 1 0 0 1
0 1 0 1 0 0 1 0 0 0 0 1 0 1 0 0 1 0 0 1 0

PSI:
0.0 0.0 0.0 0.0 0.0 0.0 0.0 0.0 0.0 0.0 0.0 0.0 0.0 0.0 0.0 0.0 0.25 0.0 0.0 0.17 0.0 
1.0 0.0 0.5 1.0 0.0 0.0 0.0 0.67 0.0 0.0 0.5 0.0 0.0 0.0 0.0 1.0 0.0 0.25 0.0 0.17 0.29 
0.0 0.0 0.0 0.0 0.0 0.0 0.0 0.0 0.0 0.0 0.0 0.0 0.0 0.22 0.0 0.0 0.25 0.0 0.0 0.0 0.0 
0.0 0.0 0.0 0.0 0.0 0.0 0.0 0.0 0.0 0.0 0.0 0.0 0.0 0.0 0.0 0.0 0.0 0.0 0.0 0.0 0.29 
0.0 0.0 0.0 0.0 0.0 0.0 0.0 0.0 0.0 0.0 0.0 0.0 0.0 0.22 0.0 0.0 0.0 0.0 0.0 0.0 0.0 
0.0 0.0 0.0 0.0 0.0 0.0 0.5 0.0 0.0 0.0 0.0 0.0 0.0 0.0 0.0 0.0 0.25 0.0 0.0 0.17 0.0 
0.0 0.67 0.0 0.0 0.0 1.0 0.0 0.0 0.0 0.0 0.5 0.0 0.0 0.22 0.0 0.0 0.25 0.25 0.0 0.0 0.29 
0.0 0.0 0.0 0.0 0.0 0.0 0.0 0.0 0.0 0.0 0.0 0.0 0.0 0.0 0.0 0.0 0.0 0.25 0.0 0.17 0.0 
0.0 0.0 0.0 0.0 0.0 0.0 0.0 0.0 0.0 0.0 0.0 0.0 0.0 0.22 0.0 0.0 0.0 0.0 0.0 0.0 0.0 
0.0 0.0 0.0 0.0 0.0 0.0 0.0 0.0 0.0 0.0 0.0 0.0 0.0 0.0 0.0 0.0 0.0 0.0 0.0 0.0 0.0 
0.0 0.0 0.5 0.0 0.0 0.0 0.5 0.0 0.0 0.0 0.0 0.0 0.0 0.0 0.0 0.0 0.0 0.25 0.5 0.17 0.0 
0.0 0.0 0.0 0.0 0.0 0.0 0.0 0.0 0.0 0.0 0.0 0.0 0.0 0.0 0.0 0.0 0.25 0.0 0.0 0.17 0.29 
0.0 0.0 0.0 0.0 0.0 0.0 0.0 0.0 0.0 0.0 0.0 0.0 0.0 0.22 0.0 0.0 0.0 0.0 0.0 0.0 0.0 
0.0 0.67 0.5 0.0 0.67 0.0 0.5 0.0 1.0 0.0 0.0 0.0 0.67 0.0 0.67 0.0 0.0 0.25 0.5 0.17 0.29 
0.0 0.0 0.0 0.0 0.0 0.0 0.0 0.0 0.0 0.0 0.0 0.0 0.0 0.0 0.0 0.0 0.0 0.0 0.0 0.17 0.0 
0.0 0.0 0.0 0.0 0.0 0.0 0.0 0.0 0.0 0.0 0.0 0.0 0.0 0.0 0.0 0.0 0.0 0.25 0.0 0.17 0.0 
0.0 0.0 0.0 0.0 0.0 0.0 0.0 0.0 0.0 0.0 0.0 0.0 0.0 0.0 0.0 0.0 0.0 0.0 0.0 0.17 0.29 
0.0 0.67 0.5 0.0 0.67 0.0 0.0 0.67 0.0 1.0 0.5 0.0 0.67 0.22 0.67 0.0 0.25 0.0 0.5 0.17 0.0 
0.0 0.0 0.0 0.0 0.0 0.0 0.0 0.0 0.0 0.0 0.0 0.0 0.0 0.22 0.0 0.0 0.0 0.0 0.0 0.0 0.0 
0.0 0.0 0.0 0.0 0.67 0.0 0.5 0.0 1.0 1.0 0.5 0.0 0.67 0.22 0.67 0.0 0.25 0.25 0.5 0.0 0.29 
0.0 0.0 0.0 1.0 0.0 1.0 0.0 0.67 0.0 0.0 0.0 1.0 0.0 0.22 0.0 0.0 0.25 0.25 0.0 0.17 0.0 

ALPHA:
8.0 10.0 7.0 7.0 7.0 8.0 8.0 7.0 7.0 7.0 8.0 8.0 7.0 9.0 7.0 8.0 5.0 9.0 6.0 8.0 8.0 

BETA:
2.0 12.0 2.0 2.0 1.0 3.0 7.0 2.0 1.0 1.0 5.0 2.0 1.0 13.0 1.0 2.0 2.0 14.0 1.0 14.0 10.0 

K_MIN:
49

K_MAX:
15